date,opened,tot-opened,resolved,tot-res,rejected,tot-rej,tot-closed,num-open
2002-04-4, 8, 8, 1, 1, 0, 0, 1,  7
2002-04-5, 2, 10, 3, 4, 0, 0, 4,  6
2002-05-1, 4, 14, 2, 6, 0, 0, 6,  8
2002-05-2, 9, 23, 5, 11, 0, 0, 11,  12
2002-05-3, 10, 33, 2, 13, 0, 0, 13,  20
2002-05-4, 7, 40, 3, 16, 0, 0, 16,  24
2002-05-5, 10, 50, 14, 30, 0, 0, 30,  20
2002-06-1, 19, 69, 10, 40, 0, 0, 40,  29
2002-06-2, 10, 79, 10, 50, 0, 0, 50,  29
2002-06-3, 10, 89, 12, 62, 0, 0, 62,  27
2002-06-4, 14, 103, 11, 73, 0, 0, 73,  30
2002-06-5, 5, 108, 0, 73, 0, 0, 73,  35
2002-07-1, 4, 112, 0, 73, 0, 0, 73,  39
2002-07-2, 8, 120, 8, 81, 0, 0, 81,  39
2002-07-3, 11, 131, 19, 100, 0, 0, 100,  31
2002-07-4, 6, 137, 3, 103, 0, 0, 103,  34
2002-07-5, 10, 147, 5, 108, 0, 0, 108,  39
2002-08-1, 15, 162, 7, 115, 0, 0, 115,  47
2002-08-2, 18, 180, 10, 125, 0, 0, 125,  55
2002-08-3, 13, 193, 16, 141, 0, 0, 141,  52
2002-08-4, 20, 213, 3, 144, 0, 0, 144,  69
2002-08-5, 4, 217, 5, 149, 0, 0, 149,  68
2002-09-1, 10, 227, 2, 151, 0, 0, 151,  76
2002-09-2, 12, 239, 3, 154, 0, 0, 154,  85
2002-09-3, 4, 243, 2, 156, 0, 0, 156,  87
2002-09-4, 3, 246, 2, 158, 0, 0, 158,  88
2002-09-5, 5, 251, 0, 158, 0, 0, 158,  93
2002-10-1, 2, 253, 10, 168, 0, 0, 168,  85
2002-10-2, 2, 255, 6, 174, 0, 0, 174,  81
2002-10-3, 5, 260, 7, 181, 0, 0, 181,  79
2002-10-4, 9, 269, 1, 182, 0, 0, 182,  87
2002-10-5, 5, 274, 2, 184, 0, 0, 184,  90
2002-11-1, 5, 279, 3, 187, 0, 0, 187,  92
2002-11-2, 8, 287, 19, 206, 0, 0, 206,  81
2002-11-3, 11, 298, 26, 232, 0, 0, 232,  66
2002-11-4, 11, 309, 6, 238, 0, 0, 238,  71
2002-11-5, 5, 314, 12, 250, 0, 0, 250,  64
2002-12-1, 15, 329, 17, 267, 0, 0, 267,  62
2002-12-2, 10, 339, 18, 285, 0, 0, 285,  54
2002-12-3, 15, 354, 8, 293, 0, 0, 293,  61
2002-12-4, 5, 359, 9, 302, 0, 0, 302,  57
2002-12-5, 9, 368, 9, 311, 0, 0, 311,  57
2003-01-1, 10, 378, 4, 315, 0, 0, 315,  63
2003-01-2, 15, 393, 12, 327, 0, 0, 327,  66
2003-01-3, 9, 402, 13, 340, 0, 0, 340,  62
2003-01-4, 14, 416, 11, 351, 0, 0, 351,  65
2003-01-5, 8, 424, 10, 361, 0, 0, 361,  63
2003-02-1, 2, 426, 3, 364, 0, 0, 364,  62
2003-02-2, 11, 437, 5, 369, 0, 0, 369,  68
2003-02-3, 13, 450, 15, 384, 0, 0, 384,  66
2003-02-4, 3, 453, 0, 384, 0, 0, 384,  69
2003-02-5, 2, 455, 0, 384, 0, 0, 384,  71
2003-03-1, 4, 459, 1, 385, 0, 0, 385,  74
2003-03-2, 5, 464, 2, 387, 0, 0, 387,  77
2003-03-3, 6, 470, 10, 397, 0, 0, 397,  73
2003-03-4, 10, 480, 4, 401, 0, 0, 401,  79
2003-03-5, 6, 486, 3, 404, 0, 0, 404,  82
2003-04-1, 4, 490, 2, 406, 0, 0, 406,  84
2003-04-2, 12, 502, 2, 408, 0, 0, 408,  94
2003-04-3, 10, 512, 3, 411, 0, 0, 411,  101
2003-04-4, 9, 521, 1, 412, 0, 0, 412,  109
2003-04-5, 6, 527, 0, 412, 0, 0, 412,  115
2003-05-1, 5, 532, 3, 415, 0, 0, 415,  117
2003-05-2, 6, 538, 2, 417, 0, 0, 417,  121
2003-05-3, 7, 545, 0, 417, 0, 0, 417,  128
2003-05-4, 8, 553, 4, 421, 0, 0, 421,  132
2003-05-5, 3, 556, 9, 430, 0, 0, 430,  126
2003-06-1, 6, 562, 0, 430, 0, 0, 430,  132
2003-06-2, 4, 566, 10, 440, 0, 0, 440,  126
2003-06-3, 2, 568, 2, 442, 0, 0, 442,  126
2003-06-4, 2, 570, 1, 443, 0, 0, 443,  127
2003-06-5, 1, 571, 0, 443, 0, 0, 443,  128
2003-07-1, 4, 575, 7, 450, 0, 0, 450,  125
2003-07-2, 7, 582, 0, 450, 0, 0, 450,  132
2003-07-3, 1, 583, 0, 450, 0, 0, 450,  133
2003-07-4, 4, 587, 1, 451, 0, 0, 451,  136
2003-07-5, 3, 590, 1, 452, 0, 0, 452,  138
2003-08-1, 1, 591, 0, 452, 0, 0, 452,  139
2003-08-2, 2, 593, 0, 452, 0, 0, 452,  141
2003-08-3, 3, 596, 1, 453, 0, 0, 453,  143
2003-08-4, 2, 598, 0, 453, 0, 0, 453,  145
2003-08-5, 1, 599, 0, 453, 0, 0, 453,  146
2003-09-1, 1, 600, 0, 453, 0, 0, 453,  147
2003-09-2, 4, 604, 0, 453, 0, 0, 453,  151
2003-09-3, 6, 610, 0, 453, 0, 0, 453,  157
2003-09-4, 7, 617, 9, 462, 0, 0, 462,  155
2003-09-5, 3, 620, 2, 464, 0, 0, 464,  156
2003-10-1, 23, 643, 9, 473, 0, 0, 473,  170
2003-10-2, 4, 647, 0, 473, 0, 0, 473,  174
2003-10-3, 4, 651, 2, 475, 0, 0, 475,  176
2003-10-4, 7, 658, 0, 475, 0, 0, 475,  183
2003-10-5, 6, 664, 0, 475, 0, 0, 475,  189
2003-11-1, 3, 667, 0, 475, 0, 0, 475,  192
2003-11-2, 8, 675, 0, 475, 0, 0, 475,  200
2003-11-3, 9, 684, 8, 483, 0, 0, 483,  201
2003-11-4, 6, 690, 8, 491, 0, 0, 491,  199
2003-11-5, 0, 690, 9, 500, 0, 0, 500,  190
2003-12-1, 6, 696, 8, 508, 0, 0, 508,  188
2003-12-2, 9, 705, 1, 509, 0, 0, 509,  196
2003-12-3, 5, 710, 2, 511, 0, 0, 511,  199
2003-12-4, 2, 712, 0, 511, 0, 0, 511,  201
2003-12-5, 2, 714, 0, 511, 0, 0, 511,  203
2004-01-1, 2, 716, 2, 513, 0, 0, 513,  203
2004-01-2, 2, 718, 1, 514, 0, 0, 514,  204
2004-01-3, 4, 722, 1, 515, 0, 0, 515,  207
2004-01-4, 3, 725, 0, 515, 0, 0, 515,  210
2004-01-5, 3, 728, 0, 515, 0, 0, 515,  213
2004-02-1, 1, 729, 1, 516, 0, 0, 516,  213
2004-02-2, 3, 732, 1, 517, 0, 0, 517,  215
2004-02-3, 5, 737, 0, 517, 0, 0, 517,  220
2004-02-4, 4, 741, 2, 519, 0, 0, 519,  222
2004-03-1, 2, 743, 1, 520, 0, 0, 520,  223
2004-03-2, 4, 747, 0, 520, 0, 0, 520,  227
2004-03-3, 6, 753, 0, 520, 0, 0, 520,  233
2004-03-4, 10, 763, 8, 528, 0, 0, 528,  235
2004-03-5, 3, 766, 3, 531, 0, 0, 531,  235
2004-04-1, 6, 772, 1, 532, 0, 0, 532,  240
2004-04-2, 2, 774, 0, 532, 0, 0, 532,  242
2004-04-3, 2, 776, 0, 532, 0, 0, 532,  244
2004-04-4, 6, 782, 7, 539, 0, 0, 539,  243
2004-04-5, 1, 783, 0, 539, 0, 0, 539,  244
2004-05-1, 1, 784, 1, 540, 0, 0, 540,  244
2004-05-2, 3, 787, 3, 543, 0, 0, 543,  244
2004-05-3, 1, 788, 1, 544, 0, 0, 544,  244
2004-05-5, 1, 789, 0, 544, 0, 0, 544,  245
2004-06-1, 3, 792, 0, 544, 0, 0, 544,  248
2004-06-2, 4, 796, 1, 545, 0, 0, 545,  251
2004-06-3, 2, 798, 1, 546, 0, 0, 546,  252
2004-06-4, 6, 804, 1, 547, 0, 0, 547,  257
2004-06-5, 1, 805, 7, 554, 0, 0, 554,  251
2004-07-1, 7, 812, 2, 556, 0, 0, 556,  256
2004-07-2, 4, 816, 0, 556, 0, 0, 556,  260
2004-07-3, 5, 821, 0, 556, 0, 0, 556,  265
2004-07-4, 2, 823, 0, 556, 0, 0, 556,  267
2004-07-5, 2, 825, 0, 556, 0, 0, 556,  269
2004-08-1, 1, 826, 1, 557, 0, 0, 557,  269
2004-08-2, 2, 828, 0, 557, 0, 0, 557,  271
2004-08-3, 4, 832, 0, 557, 0, 0, 557,  275
2004-08-4, 3, 835, 0, 557, 0, 0, 557,  278
2004-08-5, 2, 837, 0, 557, 0, 0, 557,  280
2004-09-2, 2, 839, 0, 557, 0, 0, 557,  282
2004-09-3, 0, 839, 1, 558, 0, 0, 558,  281
2004-09-4, 6, 845, 0, 558, 0, 0, 558,  287
2004-09-5, 2, 847, 3, 561, 0, 0, 561,  286
2004-10-1, 1, 848, 0, 561, 0, 0, 561,  287
2004-10-2, 1, 849, 0, 561, 0, 0, 561,  288
2004-10-3, 2, 851, 0, 561, 0, 0, 561,  290
2004-10-4, 4, 855, 0, 561, 0, 0, 561,  294
2004-10-5, 2, 857, 0, 561, 0, 0, 561,  296
2004-11-1, 4, 861, 5, 566, 0, 0, 566,  295
2004-11-2, 4, 865, 6, 572, 0, 0, 572,  293
2004-11-3, 2, 867, 7, 579, 0, 0, 579,  288
2004-11-4, 3, 870, 0, 579, 0, 0, 579,  291
2004-12-1, 0, 870, 5, 584, 0, 0, 584,  286
2004-12-2, 2, 872, 1, 585, 0, 0, 585,  287
2004-12-3, 2, 874, 0, 585, 0, 0, 585,  289
2004-12-4, 2, 876, 29, 614, 0, 0, 614,  262
2004-12-5, 1, 877, 4, 618, 0, 0, 618,  259
2005-01-1, 2, 879, 1, 619, 0, 0, 619,  260
2005-01-2, 10, 889, 4, 623, 0, 0, 623,  266
2005-01-3, 1, 890, 3, 626, 0, 0, 626,  264
2005-01-5, 2, 892, 0, 626, 0, 0, 626,  266
2005-02-1, 0, 892, 1, 627, 0, 0, 627,  265
2005-02-2, 2, 894, 0, 627, 0, 0, 627,  267
2005-02-3, 7, 901, 2, 629, 0, 0, 629,  272
2005-03-1, 6, 907, 0, 629, 0, 0, 629,  278
2005-03-2, 3, 910, 2, 631, 0, 0, 631,  279
2005-03-3, 2, 912, 1, 632, 0, 0, 632,  280
2005-03-4, 2, 914, 0, 632, 0, 0, 632,  282
2005-03-5, 1, 915, 0, 632, 0, 0, 632,  283
2005-04-1, 6, 921, 6, 638, 0, 0, 638,  283
2005-04-2, 1, 922, 2, 640, 0, 0, 640,  282
2005-04-3, 5, 927, 3, 643, 0, 0, 643,  284
2005-04-5, 1, 928, 4, 647, 0, 0, 647,  281
2005-05-1, 9, 937, 1, 648, 0, 0, 648,  289
2005-05-2, 11, 948, 4, 652, 0, 0, 652,  296
2005-05-3, 4, 952, 3, 655, 0, 0, 655,  297
2005-05-4, 4, 956, 0, 655, 0, 0, 655,  301
2005-05-5, 9, 965, 6, 661, 0, 0, 661,  304
2005-06-1, 12, 977, 13, 674, 0, 0, 674,  303
2005-06-2, 9, 986, 9, 683, 0, 0, 683,  303
2005-06-3, 4, 990, 16, 699, 0, 0, 699,  291
2005-06-4, 17, 1007, 13, 712, 0, 0, 712,  295
2005-06-5, 3, 1010, 2, 714, 0, 0, 714,  296
2005-07-1, 3, 1013, 8, 722, 0, 0, 722,  291
2005-07-2, 6, 1019, 1, 723, 0, 0, 723,  296
2005-07-3, 12, 1031, 2, 725, 0, 0, 725,  306
2005-07-4, 5, 1036, 2, 727, 0, 0, 727,  309
2005-07-5, 2, 1038, 0, 727, 0, 0, 727,  311
2005-08-1, 5, 1043, 1, 728, 0, 0, 728,  315
2005-08-2, 3, 1046, 0, 728, 0, 0, 728,  318
2005-08-3, 5, 1051, 0, 728, 0, 0, 728,  323
2005-08-4, 3, 1054, 1, 729, 0, 0, 729,  325
2005-08-5, 1, 1055, 0, 729, 0, 0, 729,  326
2005-09-1, 1, 1056, 1, 730, 0, 0, 730,  326
2005-09-2, 6, 1062, 0, 730, 0, 0, 730,  332
2005-09-3, 4, 1066, 14, 744, 0, 0, 744,  322
2005-09-4, 2, 1068, 0, 744, 0, 0, 744,  324
2005-10-1, 4, 1072, 1, 745, 0, 0, 745,  327
2005-10-2, 2, 1074, 0, 745, 0, 0, 745,  329
2005-10-3, 8, 1082, 3, 748, 0, 0, 748,  334
2005-10-4, 5, 1087, 1, 749, 0, 0, 749,  338
2005-10-5, 1, 1088, 3, 752, 0, 0, 752,  336
2005-11-1, 5, 1093, 0, 752, 0, 0, 752,  341
2005-11-2, 5, 1098, 3, 755, 0, 0, 755,  343
2005-11-3, 4, 1102, 0, 755, 0, 0, 755,  347
2005-11-4, 1, 1103, 0, 755, 0, 0, 755,  348
2005-11-5, 2, 1105, 0, 755, 0, 0, 755,  350
2005-12-1, 1, 1106, 0, 755, 0, 0, 755,  351
2005-12-2, 3, 1109, 0, 755, 0, 0, 755,  354
2005-12-3, 3, 1112, 5, 760, 0, 0, 760,  352
2005-12-4, 1, 1113, 0, 760, 0, 0, 760,  353
2005-12-5, 3, 1116, 0, 760, 0, 0, 760,  356
2006-01-1, 4, 1120, 0, 760, 0, 0, 760,  360
2006-01-2, 2, 1122, 2, 762, 0, 0, 762,  360
2006-01-3, 2, 1124, 3, 765, 0, 0, 765,  359
2006-01-4, 4, 1128, 0, 765, 0, 0, 765,  363
2006-01-5, 1, 1129, 0, 765, 0, 0, 765,  364
2006-02-1, 2, 1131, 0, 765, 0, 0, 765,  366
2006-02-2, 3, 1134, 0, 765, 0, 0, 765,  369
2006-02-3, 3, 1137, 2, 767, 0, 0, 767,  370
2006-02-4, 1, 1138, 2, 769, 0, 0, 769,  369
2006-02-5, 1, 1139, 1, 770, 0, 0, 770,  369
2006-03-1, 0, 1139, 1, 771, 0, 0, 771,  368
2006-03-2, 1, 1140, 1, 772, 0, 0, 772,  368
2006-03-3, 7, 1147, 2, 774, 0, 0, 774,  373
2006-03-4, 3, 1150, 0, 774, 0, 0, 774,  376
2006-03-5, 3, 1153, 2, 776, 0, 0, 776,  377
2006-04-1, 8, 1161, 0, 776, 0, 0, 776,  385
2006-04-2, 4, 1165, 3, 779, 0, 0, 779,  386
2006-04-3, 3, 1168, 1, 780, 0, 0, 780,  388
2006-04-4, 2, 1170, 0, 780, 0, 0, 780,  390
2006-04-5, 2, 1172, 0, 780, 0, 0, 780,  392
2006-05-1, 1, 1173, 2, 782, 0, 0, 782,  391
2006-05-2, 3, 1176, 1, 783, 0, 0, 783,  393
2006-05-3, 2, 1178, 1, 784, 0, 0, 784,  394
2006-05-4, 4, 1182, 0, 784, 0, 0, 784,  398
2006-05-5, 1, 1183, 0, 784, 0, 0, 784,  399
2006-06-1, 3, 1186, 0, 784, 0, 0, 784,  402
2006-06-2, 6, 1192, 0, 784, 0, 0, 784,  408
2006-06-3, 0, 1192, 1, 785, 0, 0, 785,  407
2006-06-4, 2, 1194, 0, 785, 0, 0, 785,  409
2006-06-5, 7, 1201, 0, 785, 0, 0, 785,  416
2006-07-1, 2, 1203, 0, 785, 0, 0, 785,  418
2006-07-2, 4, 1207, 0, 785, 0, 0, 785,  422
2006-07-3, 3, 1210, 0, 785, 0, 0, 785,  425
2006-08-1, 1, 1211, 1, 786, 0, 0, 786,  425
2006-08-2, 4, 1215, 0, 786, 0, 0, 786,  429
2006-08-3, 1, 1216, 0, 786, 0, 0, 786,  430
2006-08-4, 4, 1220, 0, 786, 0, 0, 786,  434
2006-08-5, 3, 1223, 1, 787, 0, 0, 787,  436
2006-09-1, 4, 1227, 2, 789, 0, 0, 789,  438
2006-09-2, 1, 1228, 0, 789, 0, 0, 789,  439
2006-09-3, 3, 1231, 2, 791, 0, 0, 791,  440
2006-09-4, 4, 1235, 4, 795, 0, 0, 795,  440
2006-09-5, 3, 1238, 1, 796, 0, 0, 796,  442
2006-10-1, 5, 1243, 0, 796, 0, 0, 796,  447
2006-10-2, 6, 1249, 0, 796, 0, 0, 796,  453
2006-10-3, 6, 1255, 0, 796, 0, 0, 796,  459
2006-10-4, 4, 1259, 2, 798, 0, 0, 798,  461
2006-11-1, 2, 1261, 0, 798, 0, 0, 798,  463
2006-11-2, 4, 1265, 0, 798, 0, 0, 798,  467
2006-11-3, 2, 1267, 2, 800, 0, 0, 800,  467
2006-11-4, 4, 1271, 0, 800, 0, 0, 800,  471
2006-12-1, 3, 1274, 12, 812, 0, 0, 812,  462
2006-12-2, 1, 1275, 0, 812, 0, 0, 812,  463
2006-12-3, 4, 1279, 1, 813, 0, 0, 813,  466
2006-12-4, 4, 1283, 9, 822, 0, 0, 822,  461
2006-12-5, 5, 1288, 1, 823, 0, 0, 823,  465
2007-01-2, 5, 1293, 0, 823, 0, 0, 823,  470
2007-01-3, 2, 1295, 1, 824, 0, 0, 824,  471
2007-01-4, 2, 1297, 1, 825, 0, 0, 825,  472
2007-01-5, 5, 1302, 0, 825, 0, 0, 825,  477
2007-02-1, 3, 1305, 3, 828, 1, 1, 829,  476
2007-02-2, 9, 1314, 5, 833, 1, 2, 835,  479
2007-02-3, 1, 1315, 3, 836, 1, 3, 839,  476
2007-02-4, 5, 1320, 3, 839, 0, 3, 842,  478
2007-03-1, 6, 1326, 1, 840, 0, 3, 843,  483
2007-03-2, 2, 1328, 0, 840, 0, 3, 843,  485
2007-03-3, 3, 1331, 0, 840, 0, 3, 843,  488
2007-03-4, 3, 1334, 0, 840, 0, 3, 843,  491
2007-03-5, 2, 1336, 0, 840, 0, 3, 843,  493
2007-04-2, 2, 1338, 1, 841, 0, 3, 844,  494
2007-04-3, 1, 1339, 0, 841, 0, 3, 844,  495
2007-04-4, 2, 1341, 1, 842, 0, 3, 845,  496
2007-05-1, 1, 1342, 0, 842, 0, 3, 845,  497
2007-05-3, 2, 1344, 15, 857, 0, 3, 860,  484
2007-05-4, 7, 1351, 0, 857, 0, 3, 860,  491
2007-05-5, 1, 1352, 0, 857, 0, 3, 860,  492
2007-06-1, 1, 1353, 0, 857, 0, 3, 860,  493
2007-06-2, 3, 1356, 0, 857, 0, 3, 860,  496
2007-06-3, 9, 1365, 1, 858, 0, 3, 861,  504
2007-06-4, 5, 1370, 0, 858, 0, 3, 861,  509
2007-06-5, 1, 1371, 0, 858, 0, 3, 861,  510
2007-07-1, 1, 1372, 0, 858, 0, 3, 861,  511
2007-07-2, 2, 1374, 44, 902, 0, 3, 905,  469
2007-07-3, 3, 1377, 0, 902, 0, 3, 905,  472
2007-07-4, 3, 1380, 0, 902, 0, 3, 905,  475
2007-08-1, 1, 1381, 0, 902, 0, 3, 905,  476
2007-08-2, 3, 1384, 0, 902, 0, 3, 905,  479
2007-08-3, 7, 1391, 0, 902, 0, 3, 905,  486
2007-08-4, 2, 1393, 0, 902, 0, 3, 905,  488
2007-08-5, 1, 1394, 1, 903, 0, 3, 906,  488
2007-09-1, 1, 1395, 0, 903, 0, 3, 906,  489
2007-09-2, 4, 1399, 1, 904, 0, 3, 907,  492
2007-09-3, 1, 1400, 27, 931, 0, 3, 934,  466
2007-09-4, 1, 1401, 1, 932, 0, 3, 935,  466
2007-10-1, 1, 1402, 0, 932, 1, 4, 936,  466
2007-10-2, 2, 1404, 13, 945, 0, 4, 949,  455
2007-10-3, 7, 1411, 4, 949, 0, 4, 953,  458
2007-10-4, 2, 1413, 2, 951, 0, 4, 955,  458
2007-11-1, 2, 1415, 0, 951, 0, 4, 955,  460
2007-11-2, 5, 1420, 0, 951, 0, 4, 955,  465
2007-11-3, 3, 1423, 0, 951, 0, 4, 955,  468
2007-11-4, 7, 1430, 0, 951, 0, 4, 955,  475
2007-11-5, 3, 1433, 0, 951, 0, 4, 955,  478
2007-12-1, 2, 1435, 0, 951, 0, 4, 955,  480
2007-12-2, 4, 1439, 0, 951, 0, 4, 955,  484
2007-12-3, 2, 1441, 2, 953, 0, 4, 957,  484
2007-12-4, 1, 1442, 0, 953, 0, 4, 957,  485
2008-01-1, 3, 1445, 3, 956, 0, 4, 960,  485
2008-01-2, 1, 1446, 0, 956, 0, 4, 960,  486
2008-01-3, 4, 1450, 0, 956, 0, 4, 960,  490
2008-01-4, 1, 1451, 0, 956, 0, 4, 960,  491
2008-01-5, 4, 1455, 0, 956, 0, 4, 960,  495
2008-02-2, 2, 1457, 0, 956, 0, 4, 960,  497
2008-02-3, 2, 1459, 0, 956, 0, 4, 960,  499
2008-02-4, 2, 1461, 0, 956, 0, 4, 960,  501
2008-02-5, 1, 1462, 1, 957, 0, 4, 961,  501
2008-03-1, 1, 1463, 0, 957, 0, 4, 961,  502
2008-03-2, 6, 1469, 0, 957, 0, 4, 961,  508
2008-03-3, 2, 1471, 0, 957, 0, 4, 961,  510
2008-03-4, 4, 1475, 0, 957, 0, 4, 961,  514
2008-04-1, 1, 1476, 0, 957, 0, 4, 961,  515
2008-04-2, 3, 1479, 1, 958, 0, 4, 962,  517
2008-04-3, 1, 1480, 8, 966, 0, 4, 970,  510
2008-04-4, 4, 1484, 1, 967, 0, 4, 971,  513
2008-05-1, 1, 1485, 2, 969, 0, 4, 973,  512
2008-05-2, 2, 1487, 0, 969, 0, 4, 973,  514
2008-05-3, 4, 1491, 0, 969, 0, 4, 973,  518
2008-05-4, 4, 1495, 4, 973, 0, 4, 977,  518
2008-05-5, 2, 1497, 0, 973, 0, 4, 977,  520
2008-06-1, 17, 1514, 0, 973, 0, 4, 977,  537
2008-06-3, 3, 1517, 0, 973, 0, 4, 977,  540
2008-06-4, 2, 1519, 0, 973, 0, 4, 977,  542
2008-06-5, 1, 1520, 0, 973, 0, 4, 977,  543
2008-07-1, 1, 1521, 0, 973, 0, 4, 977,  544
2008-07-2, 4, 1525, 1, 974, 0, 4, 978,  547
2008-07-3, 4, 1529, 5, 979, 0, 4, 983,  546
2008-07-4, 5, 1534, 0, 979, 0, 4, 983,  551
2008-07-5, 1, 1535, 0, 979, 0, 4, 983,  552
2008-08-1, 5, 1540, 1, 980, 0, 4, 984,  556
2008-08-2, 2, 1542, 1, 981, 0, 4, 985,  557
2008-08-3, 4, 1546, 0, 981, 0, 4, 985,  561
2008-08-4, 1, 1547, 1, 982, 0, 4, 986,  561
2008-08-5, 1, 1548, 0, 982, 0, 4, 986,  562
2008-09-1, 3, 1551, 1, 983, 0, 4, 987,  564
2008-09-2, 4, 1555, 2, 985, 0, 4, 989,  566
2008-09-3, 3, 1558, 1, 986, 0, 4, 990,  568
2008-09-4, 3, 1561, 6, 992, 0, 4, 996,  565
2008-09-5, 1, 1562, 0, 992, 0, 4, 996,  566
2008-10-1, 7, 1569, 1, 993, 0, 4, 997,  572
2008-10-2, 1, 1570, 2, 995, 0, 4, 999,  571
2008-10-3, 2, 1572, 0, 995, 0, 4, 999,  573
2008-10-4, 4, 1576, 4, 999, 0, 4, 1003,  573
2008-10-5, 5, 1581, 1, 1000, 0, 4, 1004,  577
2008-11-1, 6, 1587, 5, 1005, 0, 4, 1009,  578
2008-11-2, 7, 1594, 5, 1010, 0, 4, 1014,  580
2008-11-3, 3, 1597, 0, 1010, 0, 4, 1014,  583
2008-11-4, 4, 1601, 0, 1010, 0, 4, 1014,  587
2008-11-5, 2, 1603, 0, 1010, 0, 4, 1014,  589
2008-12-1, 2, 1605, 0, 1010, 0, 4, 1014,  591
2008-12-2, 1, 1606, 1, 1011, 0, 4, 1015,  591
2008-12-3, 2, 1608, 1, 1012, 0, 4, 1016,  592
2008-12-4, 3, 1611, 3, 1015, 0, 4, 1019,  592
2009-01-1, 4, 1615, 0, 1015, 0, 4, 1019,  596
2009-01-2, 9, 1624, 0, 1015, 0, 4, 1019,  605
2009-01-3, 1, 1625, 0, 1015, 0, 4, 1019,  606
2009-01-4, 3, 1628, 1, 1016, 0, 4, 1020,  608
2009-01-5, 10, 1638, 0, 1016, 0, 4, 1020,  618
2009-02-1, 5, 1643, 1, 1017, 0, 4, 1021,  622
2009-02-2, 3, 1646, 0, 1017, 0, 4, 1021,  625
2009-02-3, 4, 1650, 10, 1027, 0, 4, 1031,  619
2009-02-4, 6, 1656, 0, 1027, 0, 4, 1031,  625
2009-03-1, 4, 1660, 0, 1027, 0, 4, 1031,  629
2009-03-2, 11, 1671, 11, 1038, 0, 4, 1042,  629
2009-03-3, 6, 1677, 3, 1041, 0, 4, 1045,  632
2009-03-4, 4, 1681, 0, 1041, 0, 4, 1045,  636
2009-04-1, 13, 1694, 27, 1068, 0, 4, 1072,  622
2009-04-2, 9, 1703, 12, 1080, 0, 4, 1084,  619
2009-04-3, 2, 1705, 11, 1091, 0, 4, 1095,  610
2009-04-4, 12, 1717, 7, 1098, 0, 4, 1102,  615
2009-04-5, 2, 1719, 2, 1100, 0, 4, 1104,  615
2009-05-1, 5, 1724, 0, 1100, 0, 4, 1104,  620
2009-05-2, 8, 1732, 2, 1102, 0, 4, 1106,  626
2009-05-3, 5, 1737, 7, 1109, 0, 4, 1113,  624
2009-05-4, 7, 1744, 0, 1109, 0, 4, 1113,  631
2009-05-5, 2, 1746, 1, 1110, 0, 4, 1114,  632
2009-06-1, 8, 1754, 6, 1116, 0, 4, 1120,  634
2009-06-2, 3, 1757, 3, 1119, 0, 4, 1123,  634
2009-06-3, 6, 1763, 4, 1123, 0, 4, 1127,  636
2009-06-4, 2, 1765, 9, 1132, 0, 4, 1136,  629
2009-06-5, 16, 1781, 3, 1135, 0, 4, 1139,  642
2009-07-1, 4, 1785, 6, 1141, 0, 4, 1145,  640
2009-07-2, 5, 1790, 3, 1144, 0, 4, 1148,  642
2009-07-3, 1, 1791, 1, 1145, 0, 4, 1149,  642
2009-07-4, 10, 1801, 6, 1151, 0, 4, 1155,  646
2009-08-1, 6, 1807, 3, 1154, 0, 4, 1158,  649
2009-08-2, 7, 1814, 6, 1160, 0, 4, 1164,  650
2009-08-3, 3, 1817, 0, 1160, 0, 4, 1164,  653
2009-08-4, 11, 1828, 1, 1161, 0, 4, 1165,  663
2009-08-5, 3, 1831, 0, 1161, 0, 4, 1165,  666
2009-09-1, 7, 1838, 12, 1173, 0, 4, 1177,  661
2009-09-2, 9, 1847, 5, 1178, 0, 4, 1182,  665
2009-09-3, 5, 1852, 9, 1187, 0, 4, 1191,  661
2009-09-4, 14, 1866, 1, 1188, 0, 4, 1192,  674
2009-09-5, 3, 1869, 5, 1193, 0, 4, 1197,  672
2009-10-1, 1, 1870, 8, 1201, 0, 4, 1205,  665
2009-10-2, 1, 1871, 0, 1201, 0, 4, 1205,  666
2009-10-3, 5, 1876, 9, 1210, 0, 4, 1214,  662
2009-10-4, 9, 1885, 0, 1210, 0, 4, 1214,  671
2009-10-5, 4, 1889, 5, 1215, 0, 4, 1219,  670
2009-11-1, 5, 1894, 1, 1216, 0, 4, 1220,  674
2009-11-2, 7, 1901, 8, 1224, 0, 4, 1228,  673
2009-11-3, 7, 1908, 1, 1225, 0, 4, 1229,  679
2009-11-4, 6, 1914, 0, 1225, 0, 4, 1229,  685
2009-11-5, 3, 1917, 1, 1226, 0, 4, 1230,  687
2009-12-1, 4, 1921, 4, 1230, 0, 4, 1234,  687
2009-12-2, 2, 1923, 7, 1237, 0, 4, 1241,  682
2009-12-3, 3, 1926, 0, 1237, 0, 4, 1241,  685
2009-12-4, 1, 1927, 0, 1237, 0, 4, 1241,  686
2009-12-5, 1, 1928, 0, 1237, 0, 4, 1241,  687
2010-01-1, 2, 1930, 1, 1238, 0, 4, 1242,  688
2010-01-2, 5, 1935, 7, 1245, 0, 4, 1249,  686
2010-01-3, 8, 1943, 14, 1259, 0, 4, 1263,  680
2010-01-4, 11, 1954, 3, 1262, 0, 4, 1266,  688
2010-01-5, 3, 1957, 0, 1262, 0, 4, 1266,  691
2010-02-1, 4, 1961, 6, 1268, 0, 4, 1272,  689
2010-02-2, 5, 1966, 3, 1271, 0, 4, 1275,  691
2010-02-3, 5, 1971, 3, 1274, 0, 4, 1278,  693
2010-02-4, 1, 1972, 0, 1274, 0, 4, 1278,  694
2010-03-1, 8, 1980, 5, 1279, 0, 4, 1283,  697
2010-03-2, 6, 1986, 6, 1285, 0, 4, 1289,  697
2010-03-3, 4, 1990, 1, 1286, 0, 4, 1290,  700
2010-03-4, 9, 1999, 19, 1305, 0, 4, 1309,  690
2010-03-5, 8, 2007, 7, 1312, 0, 4, 1316,  691
2010-04-1, 10, 2017, 6, 1318, 0, 4, 1322,  695
2010-04-2, 7, 2024, 0, 1318, 0, 4, 1322,  702
2010-04-3, 8, 2032, 8, 1326, 0, 4, 1330,  702
2010-04-4, 5, 2037, 0, 1326, 0, 4, 1330,  707
2010-04-5, 2, 2039, 0, 1326, 0, 4, 1330,  709
2010-05-1, 11, 2050, 4, 1330, 0, 4, 1334,  716
2010-05-2, 3, 2053, 0, 1330, 0, 4, 1334,  719
2010-05-3, 9, 2062, 3, 1333, 0, 4, 1337,  725
2010-05-4, 6, 2068, 7, 1340, 0, 4, 1344,  724
2010-05-5, 1, 2069, 2, 1342, 0, 4, 1346,  723
2010-06-1, 8, 2077, 2, 1344, 0, 4, 1348,  729
2010-06-2, 4, 2081, 1, 1345, 0, 4, 1349,  732
2010-06-3, 1, 2082, 0, 1345, 0, 4, 1349,  733
2010-06-4, 2, 2084, 0, 1345, 0, 4, 1349,  735
2010-06-5, 2, 2086, 0, 1345, 0, 4, 1349,  737
2010-07-1, 4, 2090, 0, 1345, 0, 4, 1349,  741
2010-07-2, 5, 2095, 1, 1346, 0, 4, 1350,  745
2010-07-3, 2, 2097, 1, 1347, 0, 4, 1351,  746
2010-07-4, 3, 2100, 0, 1347, 0, 4, 1351,  749
2010-07-5, 1, 2101, 0, 1347, 0, 4, 1351,  750
2010-08-1, 1, 2102, 0, 1347, 0, 4, 1351,  751
2010-08-2, 4, 2106, 0, 1347, 0, 4, 1351,  755
2010-08-3, 5, 2111, 0, 1347, 0, 4, 1351,  760
2010-08-4, 2, 2113, 0, 1347, 0, 4, 1351,  762
2010-08-5, 1, 2114, 0, 1347, 0, 4, 1351,  763
2010-09-1, 2, 2116, 0, 1347, 0, 4, 1351,  765
2010-09-2, 10, 2126, 0, 1347, 0, 4, 1351,  775
2010-09-3, 4, 2130, 14, 1361, 0, 4, 1365,  765
2010-09-4, 6, 2136, 0, 1361, 0, 4, 1365,  771
2010-09-5, 3, 2139, 0, 1361, 0, 4, 1365,  774
2010-10-1, 2, 2141, 4, 1365, 0, 4, 1369,  772
2010-10-2, 2, 2143, 3, 1368, 0, 4, 1372,  771
2010-10-3, 2, 2145, 0, 1368, 0, 4, 1372,  773
2010-10-4, 4, 2149, 0, 1368, 0, 4, 1372,  777
2010-11-1, 1, 2150, 0, 1368, 0, 4, 1372,  778
2010-11-2, 1, 2151, 3, 1371, 0, 4, 1375,  776
2010-11-3, 10, 2161, 4, 1375, 0, 4, 1379,  782
2010-11-4, 4, 2165, 2, 1377, 0, 4, 1381,  784
2010-11-5, 3, 2168, 1, 1378, 0, 4, 1382,  786
2010-12-1, 2, 2170, 0, 1378, 0, 4, 1382,  788
2010-12-2, 3, 2173, 3, 1381, 0, 4, 1385,  788
2010-12-3, 12, 2185, 1, 1382, 0, 4, 1386,  799
2010-12-4, 6, 2191, 1, 1383, 0, 4, 1387,  804
2010-12-5, 9, 2200, 0, 1383, 0, 4, 1387,  813
2011-01-1, 5, 2205, 6, 1389, 1, 5, 1394,  811
2011-01-2, 8, 2213, 1, 1390, 0, 5, 1395,  818
2011-01-3, 5, 2218, 1, 1391, 0, 5, 1396,  822
2011-01-4, 4, 2222, 1, 1392, 0, 5, 1397,  825
2011-01-5, 2, 2224, 0, 1392, 0, 5, 1397,  827
2011-02-1, 4, 2228, 0, 1392, 0, 5, 1397,  831
2011-02-2, 4, 2232, 2, 1394, 0, 5, 1399,  833
2011-02-3, 5, 2237, 1, 1395, 0, 5, 1400,  837
2011-02-4, 5, 2242, 1, 1396, 0, 5, 1401,  841
2011-02-5, 1, 2243, 0, 1396, 0, 5, 1401,  842
2011-03-1, 6, 2249, 0, 1396, 0, 5, 1401,  848
2011-03-2, 1, 2250, 0, 1396, 0, 5, 1401,  849
2011-03-3, 4, 2254, 0, 1396, 0, 5, 1401,  853
2011-03-4, 7, 2261, 0, 1396, 0, 5, 1401,  860
2011-03-5, 2, 2263, 0, 1396, 0, 5, 1401,  862
2011-04-1, 4, 2267, 3, 1399, 0, 5, 1404,  863
2011-04-2, 11, 2278, 0, 1399, 0, 5, 1404,  874
2011-04-3, 4, 2282, 0, 1399, 0, 5, 1404,  878
2011-04-4, 4, 2286, 0, 1399, 0, 5, 1404,  882
2011-04-5, 2, 2288, 0, 1399, 0, 5, 1404,  884
2011-05-1, 3, 2291, 1, 1400, 0, 5, 1405,  886
2011-05-2, 4, 2295, 0, 1400, 0, 5, 1405,  890
2011-05-3, 6, 2301, 0, 1400, 0, 5, 1405,  896
2011-05-4, 14, 2315, 7, 1407, 0, 5, 1412,  903
2011-06-1, 3, 2318, 0, 1407, 0, 5, 1412,  906
2011-06-2, 1, 2319, 0, 1407, 0, 5, 1412,  907
2011-06-3, 3, 2322, 0, 1407, 0, 5, 1412,  910
2011-06-4, 7, 2329, 6, 1413, 0, 5, 1418,  911
2011-06-5, 2, 2331, 0, 1413, 0, 5, 1418,  913
2011-07-1, 5, 2336, 0, 1413, 0, 5, 1418,  918
2011-07-2, 6, 2342, 0, 1413, 0, 5, 1418,  924
2011-07-3, 2, 2344, 3, 1416, 0, 5, 1421,  923
2011-07-4, 6, 2350, 0, 1416, 0, 5, 1421,  929
2011-07-5, 3, 2353, 0, 1416, 0, 5, 1421,  932
2011-08-1, 1, 2354, 0, 1416, 0, 5, 1421,  933
2011-08-2, 1, 2355, 0, 1416, 0, 5, 1421,  934
2011-08-3, 6, 2361, 0, 1416, 0, 5, 1421,  940
2011-08-4, 2, 2363, 0, 1416, 0, 5, 1421,  942
2011-08-5, 6, 2369, 0, 1416, 0, 5, 1421,  948
2011-09-1, 1, 2370, 10, 1426, 0, 5, 1431,  939
2011-09-2, 10, 2380, 0, 1426, 0, 5, 1431,  949
2011-09-3, 3, 2383, 0, 1426, 0, 5, 1431,  952
2011-09-4, 10, 2393, 6, 1432, 0, 5, 1437,  956
2011-09-5, 2, 2395, 0, 1432, 0, 5, 1437,  958
2011-10-2, 1, 2396, 2, 1434, 0, 5, 1439,  957
2011-10-3, 10, 2406, 0, 1434, 0, 5, 1439,  967
2011-10-4, 3, 2409, 3, 1437, 0, 5, 1442,  967
2011-10-5, 3, 2412, 0, 1437, 0, 5, 1442,  970
2011-11-1, 3, 2415, 0, 1437, 0, 5, 1442,  973
2011-11-2, 1, 2416, 1, 1438, 0, 5, 1443,  973
2011-11-3, 1, 2417, 0, 1438, 0, 5, 1443,  974
2011-11-4, 3, 2420, 0, 1438, 0, 5, 1443,  977
2011-12-1, 6, 2426, 0, 1438, 0, 5, 1443,  983
2011-12-2, 5, 2431, 0, 1438, 0, 5, 1443,  988
2011-12-3, 9, 2440, 0, 1438, 0, 5, 1443,  997
2011-12-4, 2, 2442, 2, 1440, 0, 5, 1445,  997
2012-01-1, 6, 2448, 2, 1442, 0, 5, 1447,  1001
2012-01-2, 11, 2459, 0, 1442, 0, 5, 1447,  1012
2012-01-3, 3, 2462, 17, 1459, 0, 5, 1464,  998
2012-01-4, 9, 2471, 0, 1459, 0, 5, 1464,  1007
2012-01-5, 3, 2474, 0, 1459, 0, 5, 1464,  1010
2012-02-1, 3, 2477, 0, 1459, 0, 5, 1464,  1013
2012-02-2, 15, 2492, 10, 1469, 0, 5, 1474,  1018
2012-02-3, 7, 2499, 0, 1469, 0, 5, 1474,  1025
2012-02-4, 9, 2508, 8, 1477, 0, 5, 1482,  1026
2012-02-5, 5, 2513, 0, 1477, 0, 5, 1482,  1031
2012-03-1, 10, 2523, 4, 1481, 0, 5, 1486,  1037
2012-03-2, 3, 2526, 4, 1485, 0, 5, 1490,  1036
2012-03-3, 9, 2535, 0, 1485, 0, 5, 1490,  1045
2012-03-4, 7, 2542, 0, 1485, 0, 5, 1490,  1052
2012-03-5, 6, 2548, 11, 1496, 0, 5, 1501,  1047
2012-04-1, 5, 2553, 0, 1496, 0, 5, 1501,  1052
2012-04-2, 4, 2557, 0, 1496, 0, 5, 1501,  1056
2012-04-3, 8, 2565, 3, 1499, 0, 5, 1504,  1061
2012-04-4, 5, 2570, 12, 1511, 0, 5, 1516,  1054
2012-05-1, 4, 2574, 1, 1512, 0, 5, 1517,  1057
2012-05-2, 6, 2580, 2, 1514, 0, 5, 1519,  1061
2012-05-3, 6, 2586, 0, 1514, 0, 5, 1519,  1067
2012-05-4, 5, 2591, 0, 1514, 0, 5, 1519,  1072
2012-05-5, 1, 2592, 0, 1514, 0, 5, 1519,  1073
2012-06-1, 5, 2597, 0, 1514, 0, 5, 1519,  1078
2012-06-2, 2, 2599, 0, 1514, 0, 5, 1519,  1080
2012-06-3, 3, 2602, 0, 1514, 0, 5, 1519,  1083
2012-06-4, 2, 2604, 0, 1514, 0, 5, 1519,  1085
2012-06-5, 1, 2605, 0, 1514, 0, 5, 1519,  1086
2012-07-1, 5, 2610, 0, 1514, 0, 5, 1519,  1091
2012-07-2, 6, 2616, 0, 1514, 0, 5, 1519,  1097
2012-07-3, 2, 2618, 0, 1514, 0, 5, 1519,  1099
2012-07-4, 2, 2620, 0, 1514, 0, 5, 1519,  1101
2012-07-5, 3, 2623, 0, 1514, 0, 5, 1519,  1104
2012-08-1, 4, 2627, 1, 1515, 0, 5, 1520,  1107
2012-08-2, 1, 2628, 0, 1515, 0, 5, 1520,  1108
2012-08-3, 2, 2630, 0, 1515, 0, 5, 1520,  1110
2012-08-4, 1, 2631, 1, 1516, 0, 5, 1521,  1110
2012-08-5, 4, 2635, 0, 1516, 0, 5, 1521,  1114
2012-09-1, 0, 2635, 1, 1517, 0, 5, 1522,  1113
2012-09-2, 10, 2645, 0, 1517, 0, 5, 1522,  1123
2012-09-3, 1, 2646, 1, 1518, 0, 5, 1523,  1123
2012-09-4, 4, 2650, 0, 1518, 0, 5, 1523,  1127
2012-10-1, 9, 2659, 0, 1518, 0, 5, 1523,  1136
2012-10-2, 2, 2661, 0, 1518, 0, 5, 1523,  1138
2012-10-3, 3, 2664, 0, 1518, 0, 5, 1523,  1141
2012-10-4, 2, 2666, 0, 1518, 0, 5, 1523,  1143
2012-10-5, 2, 2668, 0, 1518, 0, 5, 1523,  1145
2012-11-1, 4, 2672, 0, 1518, 0, 5, 1523,  1149
2012-11-2, 4, 2676, 0, 1518, 0, 5, 1523,  1153
2012-11-3, 3, 2679, 0, 1518, 0, 5, 1523,  1156
2012-11-4, 7, 2686, 1, 1519, 0, 5, 1524,  1162
2012-12-1, 10, 2696, 0, 1519, 0, 5, 1524,  1172
2012-12-2, 9, 2705, 5, 1524, 0, 5, 1529,  1176
2012-12-4, 6, 2711, 0, 1524, 0, 5, 1529,  1182
2012-12-5, 3, 2714, 0, 1524, 0, 5, 1529,  1185
2013-01-2, 4, 2718, 4, 1528, 4, 9, 1537,  1181
2013-01-3, 8, 2726, 25, 1553, 0, 9, 1562,  1164
2013-01-4, 3, 2729, 4, 1557, 0, 9, 1566,  1163
2013-01-5, 3, 2732, 0, 1557, 0, 9, 1566,  1166
2013-02-1, 6, 2738, 1, 1558, 0, 9, 1567,  1171
2013-02-2, 14, 2752, 3, 1561, 0, 9, 1570,  1182
2013-02-3, 5, 2757, 1, 1562, 0, 9, 1571,  1186
2013-02-4, 5, 2762, 0, 1562, 0, 9, 1571,  1191
2013-02-5, 1, 2763, 0, 1562, 0, 9, 1571,  1192
2013-03-1, 6, 2769, 0, 1562, 0, 9, 1571,  1198
2013-03-2, 8, 2777, 0, 1562, 0, 9, 1571,  1206
2013-03-3, 2, 2779, 5, 1567, 0, 9, 1576,  1203
2013-03-4, 4, 2783, 0, 1567, 0, 9, 1576,  1207
2013-03-5, 1, 2784, 4, 1571, 1, 10, 1581,  1203
2013-04-1, 2, 2786, 0, 1571, 0, 10, 1581,  1205
2013-05-1, 11, 2797, 0, 1571, 0, 10, 1581,  1216
2013-05-2, 3, 2800, 0, 1571, 0, 10, 1581,  1219
2013-05-3, 4, 2804, 0, 1571, 0, 10, 1581,  1223
2013-05-4, 5, 2809, 0, 1571, 0, 10, 1581,  1228
2013-05-5, 3, 2812, 0, 1571, 0, 10, 1581,  1231
2013-06-1, 13, 2825, 1, 1572, 0, 10, 1582,  1243
2013-06-2, 2, 2827, 0, 1572, 0, 10, 1582,  1245
2013-06-3, 5, 2832, 0, 1572, 0, 10, 1582,  1250
2013-06-4, 5, 2837, 0, 1572, 0, 10, 1582,  1255
2013-06-5, 3, 2840, 0, 1572, 0, 10, 1582,  1258
2013-07-1, 3, 2843, 0, 1572, 0, 10, 1582,  1261
2013-07-2, 2, 2845, 0, 1572, 0, 10, 1582,  1263
2013-07-3, 3, 2848, 0, 1572, 0, 10, 1582,  1266
2013-07-4, 2, 2850, 0, 1572, 0, 10, 1582,  1268
2013-07-5, 4, 2854, 0, 1572, 0, 10, 1582,  1272
2013-08-1, 6, 2860, 0, 1572, 0, 10, 1582,  1278
2013-08-2, 4, 2864, 0, 1572, 0, 10, 1582,  1282
2013-08-3, 3, 2867, 0, 1572, 0, 10, 1582,  1285
2013-08-4, 2, 2869, 0, 1572, 0, 10, 1582,  1287
2013-08-5, 2, 2871, 0, 1572, 0, 10, 1582,  1289
2013-09-1, 2, 2873, 0, 1572, 0, 10, 1582,  1291
2013-09-2, 3, 2876, 0, 1572, 0, 10, 1582,  1294
2013-09-3, 4, 2880, 0, 1572, 0, 10, 1582,  1298
2013-09-4, 4, 2884, 0, 1572, 0, 10, 1582,  1302
2013-10-1, 3, 2887, 0, 1572, 0, 10, 1582,  1305
2013-10-2, 2, 2889, 0, 1572, 0, 10, 1582,  1307
2013-10-3, 6, 2895, 0, 1572, 0, 10, 1582,  1313
2013-10-4, 5, 2900, 0, 1572, 0, 10, 1582,  1318
2013-10-5, 8, 2908, 0, 1572, 0, 10, 1582,  1326
2013-11-1, 4, 2912, 2, 1574, 0, 10, 1584,  1328
2013-11-2, 10, 2922, 1, 1575, 0, 10, 1585,  1337
2013-11-3, 4, 2926, 0, 1575, 0, 10, 1585,  1341
2013-11-4, 7, 2933, 0, 1575, 0, 10, 1585,  1348
2013-11-5, 1, 2934, 0, 1575, 0, 10, 1585,  1349
2013-12-1, 7, 2941, 0, 1575, 0, 10, 1585,  1356
2013-12-2, 8, 2949, 0, 1575, 0, 10, 1585,  1364
2013-12-3, 4, 2953, 0, 1575, 0, 10, 1585,  1368
2013-12-4, 2, 2955, 0, 1575, 0, 10, 1585,  1370
2014-01-1, 8, 2963, 0, 1575, 0, 10, 1585,  1378
2014-01-2, 20, 2983, 5, 1580, 0, 10, 1590,  1393
2014-01-3, 3, 2986, 0, 1580, 0, 10, 1590,  1396
2014-01-4, 5, 2991, 0, 1580, 0, 10, 1590,  1401
2014-01-5, 3, 2994, 1, 1581, 0, 10, 1591,  1403
2014-02-1, 6, 3000, 0, 1581, 0, 10, 1591,  1409
2014-02-2, 8, 3008, 0, 1581, 0, 10, 1591,  1417
2014-02-3, 1, 3009, 1, 1582, 0, 10, 1592,  1417
2014-02-4, 3, 3012, 0, 1582, 0, 10, 1592,  1420
2014-02-5, 2, 3014, 0, 1582, 0, 10, 1592,  1422
2014-03-1, 7, 3021, 0, 1582, 0, 10, 1592,  1429
2014-03-2, 1, 3022, 0, 1582, 0, 10, 1592,  1430
2014-03-3, 3, 3025, 1, 1583, 0, 10, 1593,  1432
2014-03-4, 3, 3028, 1, 1584, 0, 10, 1594,  1434
2014-03-5, 3, 3031, 0, 1584, 0, 10, 1594,  1437
2014-04-1, 6, 3037, 1, 1585, 0, 10, 1595,  1442
2014-04-2, 11, 3048, 0, 1585, 0, 10, 1595,  1453
2014-04-3, 14, 3062, 1, 1586, 0, 10, 1596,  1466
2014-04-4, 14, 3076, 39, 1625, 1, 11, 1636,  1440
2014-04-5, 2, 3078, 22, 1647, 8, 19, 1666,  1412
2014-05-1, 11, 3089, 6, 1653, 5, 24, 1677,  1412
2014-05-2, 6, 3095, 11, 1664, 0, 24, 1688,  1407
2014-05-3, 10, 3105, 3, 1667, 1, 25, 1692,  1413
2014-05-4, 3, 3108, 11, 1678, 2, 27, 1705,  1403
2014-05-5, 5, 3113, 4, 1682, 2, 29, 1711,  1402
2014-06-1, 14, 3127, 18, 1700, 0, 29, 1729,  1398
2014-06-2, 20, 3147, 10, 1710, 1, 30, 1740,  1407
2014-06-3, 4, 3151, 5, 1715, 1, 31, 1746,  1405
2014-06-4, 2, 3153, 50, 1765, 4, 35, 1800,  1353
2014-06-5, 1, 3154, 45, 1810, 161, 196, 2006,  1148
2014-07-1, 23, 3177, 103, 1913, 53, 249, 2162,  1015
2014-07-2, 16, 3193, 6, 1919, 4, 253, 2172,  1021
2014-07-3, 12, 3205, 11, 1930, 2, 255, 2185,  1020
2014-07-4, 11, 3216, 19, 1949, 27, 282, 2231,  985
2014-07-5, 3, 3219, 11, 1960, 6, 288, 2248,  971
2014-08-1, 7, 3226, 0, 1960, 0, 288, 2248,  978
2014-08-2, 4, 3230, 36, 1996, 33, 321, 2317,  913
2014-08-3, 3, 3233, 55, 2051, 30, 351, 2402,  831
2014-08-4, 12, 3245, 27, 2078, 21, 372, 2450,  795
2014-08-5, 5, 3250, 18, 2096, 21, 393, 2489,  761
2014-09-1, 4, 3254, 22, 2118, 18, 411, 2529,  725
2014-09-2, 12, 3266, 46, 2164, 35, 446, 2610,  656
2014-09-3, 9, 3275, 3, 2167, 1, 447, 2614,  661
2014-09-4, 7, 3282, 2, 2169, 0, 447, 2616,  666
2014-09-5, 3, 3285, 2, 2171, 2, 449, 2620,  665
2014-10-1, 9, 3294, 3, 2174, 0, 449, 2623,  671
2014-10-2, 5, 3299, 1, 2175, 2, 451, 2626,  673
2014-10-3, 13, 3312, 5, 2180, 1, 452, 2632,  680
2014-10-4, 3, 3315, 2, 2182, 1, 453, 2635,  680
2014-10-5, 7, 3322, 1, 2183, 1, 454, 2637,  685
2014-11-1, 4, 3326, 0, 2183, 0, 454, 2637,  689
2014-11-2, 7, 3333, 5, 2188, 2, 456, 2644,  689
2014-11-3, 5, 3338, 2, 2190, 1, 457, 2647,  691
2014-11-4, 7, 3345, 13, 2203, 8, 465, 2668,  677
2014-11-5, 3, 3348, 1, 2204, 1, 466, 2670,  678
2014-12-1, 7, 3355, 2, 2206, 0, 466, 2672,  683
2014-12-2, 13, 3368, 4, 2210, 0, 466, 2676,  692
2014-12-3, 3, 3371, 3, 2213, 0, 466, 2679,  692
2014-12-4, 3, 3374, 4, 2217, 3, 469, 2686,  688
2014-12-5, 1, 3375, 0, 2217, 0, 469, 2686,  689
2015-01-1, 0, 3375, 6, 2223, 5, 474, 2697,  678
2015-01-2, 10, 3385, 3, 2226, 0, 474, 2700,  685
2015-01-3, 18, 3403, 5, 2231, 4, 478, 2709,  694
2015-01-4, 4, 3407, 3, 2234, 1, 479, 2713,  694
2015-01-5, 7, 3414, 0, 2234, 0, 479, 2713,  701
2015-02-1, 7, 3421, 4, 2238, 0, 479, 2717,  704
2015-02-2, 12, 3433, 7, 2245, 10, 489, 2734,  699
2015-02-3, 9, 3442, 0, 2245, 0, 489, 2734,  708
2015-02-4, 10, 3452, 6, 2251, 1, 490, 2741,  711
2015-02-5, 1, 3453, 0, 2251, 0, 490, 2741,  712
2015-03-1, 7, 3460, 4, 2255, 0, 490, 2745,  715
2015-03-2, 16, 3476, 2, 2257, 5, 495, 2752,  724
2015-03-3, 8, 3484, 2, 2259, 1, 496, 2755,  729
2015-03-4, 12, 3496, 3, 2262, 0, 496, 2758,  738
2015-03-5, 6, 3502, 0, 2262, 1, 497, 2759,  743
2015-04-1, 10, 3512, 0, 2262, 2, 499, 2761,  751
2015-04-2, 17, 3529, 8, 2270, 1, 500, 2770,  759
2015-04-3, 11, 3540, 2, 2272, 0, 500, 2772,  768
2015-04-4, 8, 3548, 1, 2273, 0, 500, 2773,  775
2015-04-5, 6, 3554, 0, 2273, 0, 500, 2773,  781
2015-05-1, 5, 3559, 16, 2289, 8, 508, 2797,  762
2015-05-2, 12, 3571, 25, 2314, 13, 521, 2835,  736
2015-05-3, 4, 3575, 19, 2333, 0, 521, 2854,  721
2015-05-4, 24, 3599, 8, 2341, 0, 521, 2862,  737
2015-05-5, 8, 3607, 7, 2348, 1, 522, 2870,  737
2015-06-1, 10, 3617, 7, 2355, 0, 522, 2877,  740
2015-06-2, 10, 3627, 2, 2357, 0, 522, 2879,  748
2015-06-3, 9, 3636, 2, 2359, 0, 522, 2881,  755
2015-06-4, 8, 3644, 8, 2367, 0, 522, 2889,  755
2015-06-5, 1, 3645, 0, 2367, 0, 522, 2889,  756
2015-07-1, 1, 3646, 0, 2367, 0, 522, 2889,  757
2015-07-2, 13, 3659, 1, 2368, 0, 522, 2890,  769
2015-07-3, 7, 3666, 3, 2371, 0, 522, 2893,  773
2015-07-4, 10, 3676, 0, 2371, 0, 522, 2893,  783
2015-07-5, 17, 3693, 9, 2380, 0, 522, 2902,  791
2015-08-1, 21, 3714, 2, 2382, 0, 522, 2904,  810
2015-08-2, 9, 3723, 3, 2385, 2, 524, 2909,  814
2015-08-3, 10, 3733, 2, 2387, 0, 524, 2911,  822
2015-08-4, 7, 3740, 16, 2403, 0, 524, 2927,  813
2015-08-5, 3, 3743, 2, 2405, 2, 526, 2931,  812
2015-09-1, 5, 3748, 22, 2427, 6, 532, 2959,  789
2015-09-2, 7, 3755, 25, 2452, 10, 542, 2994,  761
2015-09-3, 16, 3771, 9, 2461, 2, 544, 3005,  766
2015-09-4, 10, 3781, 4, 2465, 1, 545, 3010,  771
2015-09-5, 1, 3782, 10, 2475, 2, 547, 3022,  760
2015-10-1, 7, 3789, 1, 2476, 0, 547, 3023,  766
2015-10-2, 19, 3808, 8, 2484, 4, 551, 3035,  773
2015-10-3, 8, 3816, 8, 2492, 6, 557, 3049,  767
2015-10-4, 6, 3822, 6, 2498, 1, 558, 3056,  766
2015-10-5, 8, 3830, 0, 2498, 0, 558, 3056,  774
2015-11-1, 4, 3834, 1, 2499, 1, 559, 3058,  776
2015-11-2, 18, 3852, 3, 2502, 0, 559, 3061,  791
2015-11-3, 9, 3861, 4, 2506, 0, 559, 3065,  796
2015-11-4, 9, 3870, 6, 2512, 0, 559, 3071,  799
2015-11-5, 5, 3875, 1, 2513, 1, 560, 3073,  802
2015-12-1, 6, 3881, 8, 2521, 1, 561, 3082,  799
2015-12-2, 10, 3891, 1, 2522, 0, 561, 3083,  808
2015-12-3, 8, 3899, 1, 2523, 0, 561, 3084,  815
2015-12-4, 15, 3914, 7, 2530, 1, 562, 3092,  822
2015-12-5, 5, 3919, 2, 2532, 0, 562, 3094,  825
2016-01-1, 9, 3928, 4, 2536, 0, 562, 3098,  830
2016-01-2, 12, 3940, 4, 2540, 1, 563, 3103,  837
2016-01-3, 25, 3965, 21, 2561, 0, 563, 3124,  841
2016-01-4, 15, 3980, 2, 2563, 1, 564, 3127,  853
2016-01-5, 7, 3987, 11, 2574, 26, 590, 3164,  823
2016-02-1, 10, 3997, 81, 2655, 213, 803, 3458,  539
2016-02-2, 12, 4009, 23, 2678, 1, 804, 3482,  527
2016-02-3, 20, 4029, 9, 2687, 1, 805, 3492,  537
2016-02-4, 28, 4057, 15, 2702, 0, 805, 3507,  550
2016-02-5, 5, 4062, 3, 2705, 0, 805, 3510,  552
2016-03-1, 21, 4083, 18, 2723, 4, 809, 3532,  551
2016-03-2, 44, 4127, 21, 2744, 5, 814, 3558,  569
2016-03-3, 34, 4161, 9, 2753, 0, 814, 3567,  594
2016-03-4, 23, 4184, 14, 2767, 1, 815, 3582,  602
2016-03-5, 7, 4191, 1, 2768, 1, 816, 3584,  607
2016-04-1, 4, 4195, 1, 2769, 0, 816, 3585,  610
2016-04-2, 11, 4206, 1, 2770, 0, 816, 3586,  620
2016-04-3, 5, 4211, 2, 2772, 0, 816, 3588,  623
2016-04-4, 6, 4217, 7, 2779, 0, 816, 3595,  622
2016-04-5, 3, 4220, 1, 2780, 0, 816, 3596,  624
2016-05-1, 12, 4232, 15, 2795, 6, 822, 3617,  615
2016-05-2, 4, 4236, 69, 2864, 29, 851, 3715,  521
2016-05-3, 5, 4241, 23, 2887, 14, 865, 3752,  489
2016-05-4, 0, 4241, 19, 2906, 12, 877, 3783,  458
2016-05-5, 7, 4248, 10, 2916, 8, 885, 3801,  447
2016-06-1, 9, 4257, 17, 2933, 1, 886, 3819,  438
2016-06-2, 4, 4261, 52, 2985, 27, 913, 3898,  363
2016-06-3, 14, 4275, 35, 3020, 15, 928, 3948,  327
2016-06-4, 14, 4289, 18, 3038, 32, 960, 3998,  291
2016-06-5, 8, 4297, 1, 3039, 2, 962, 4001,  296
2016-07-1, 7, 4304, 1, 3040, 1, 963, 4003,  301
2016-07-2, 6, 4310, 3, 3043, 1, 964, 4007,  303
2016-07-3, 5, 4315, 5, 3048, 3, 967, 4015,  300
2016-07-4, 9, 4324, 9, 3057, 1, 968, 4025,  299
2016-07-5, 8, 4332, 11, 3068, 0, 968, 4036,  296
2016-08-1, 1, 4333, 5, 3073, 0, 968, 4041,  292
2016-08-2, 5, 4338, 2, 3075, 0, 968, 4043,  295
2016-08-3, 8, 4346, 14, 3089, 2, 970, 4059,  287
2016-08-4, 9, 4355, 9, 3098, 1, 971, 4069,  286
2016-08-5, 5, 4360, 1, 3099, 0, 971, 4070,  290
2016-09-1, 5, 4365, 3, 3102, 0, 971, 4073,  292
2016-09-2, 2, 4367, 3, 3105, 0, 971, 4076,  291
2016-09-3, 6, 4373, 3, 3108, 1, 972, 4080,  293
2016-09-4, 4, 4377, 2, 3110, 0, 972, 4082,  295
